1499720772612 2401784551048233683 0 # 14662160965268902457 7744
1499720772612 17276756675142519779 0 = lua
1499805281886 2401784551048233683 0 # 3503969482123163099 7703
1499805281886 17276756675142519779 0 = lua
1499805412716 2401784551048233683 0 # 17380223496991325257 7735
1499805412716 17276756675142519779 0 = lua
1499805451700 2401784551048233683 0 # 1408176557791782713 7745
1499805451700 17276756675142519779 0 = lua
1499805564147 2401784551048233683 0 # 14823002730641005378 7780
1499805564147 17276756675142519779 0 = lua
